# Created by Octave 4.2.1, Mon Mar 05 21:56:03 2018 GMT <unknown@unknown>
# name: arithMean_acc_off_hc
# type: matrix
# rows: 36
# columns: 1
 0
 0
 0
 0
 0.01777777777777778
 0
 0
 0
 0
 0.07795478131351913
 0
 0
 0.01382166982075038
 0.138415999065645
 0
 0
 0
 0
 0.03706619801108509
 0
 0
 0
 0
 0.01430645073998871
 0.01623348288995858
 0
 0.01225933354367566
 0
 0
 0
 0
 0
 0
 0
 0.1244921194943279
 0


